23
1003
1798
324
525
1410
182
1616
1268
222
882
151
1201
25
1496
1137
46
1685
1157
1777
1010
1239
348
559
551
1043
71
985
390
1610
1121
426
374
1079
1223
1287
737
1682
1575
1016
798
479
1783
427
597
368
163
1398
1416
599
1795
1761
200
553
502
740
1665
974
1723
1041
1107
1703
1442
1440
1275
1292
517
1394
951
412
1582
512
1700
1448
564
1692
301
1278
1686
824
391
1153
939
598
357
1098
1640
1078
1752
436
1839
477
1146
1513
1403
1768
1236
724
1683
1378
925
1868
1468
273
6
785
914
750
353
230
1782
1055
662
134
82
1326
1808
478
1057
855
1379
1503
1453
700
1291
1711
1038
874
162
1614
1452
696
1017
1681
1065
952
669
554
981
1738
1024
1095
1825
667
725
519
1748
1364
1787
1553
1385
513
1634
170
249
1460
621
1194
313
1639
800
