0.562591 -5.777997 0.000000 0.000000 -1.116994 -1.570796
-4.269171 0.000000 -9.920597 0.000000 -1.570796 -0.012473
-8.854058 0.000000 -9.856146 0.000000 -1.570796 -0.022597
12.943942 -9.380311 0.000000 0.000000 -0.834068 -1.570796
-3.767790 -0.897646 0.000000 0.000000 -1.500295 -1.570796
9.167863 0.000000 -9.726862 0.000000 -1.570796 -0.042904
10.076548 0.000000 -9.288436 0.000000 -1.570796 -0.111772
-14.999636 -19.235155 0.000000 0.000000 -0.060071 -1.570796
4.659167 -2.633640 0.000000 0.000000 -1.363951 -1.570796
-7.675041 -5.872500 0.000000 0.000000 -1.109571 -1.570796
13.175324 0.000000 -2.205143 0.000000 -1.570796 -1.224413
9.202487 0.000000 -2.597340 0.000000 -1.570796 -1.162807
10.441404 -16.601559 0.000000 0.000000 -0.266913 -1.570796
12.002037 -0.010581 0.000000 0.000000 -1.569965 -1.570796
5.854735 -12.341818 0.000000 0.000000 -0.601472 -1.570796
8.505268 -18.806766 0.000000 0.000000 -0.093716 -1.570796
-6.537663 -8.155472 0.000000 0.000000 -0.930267 -1.570796
-11.242106 -7.016185 0.000000 0.000000 -1.019746 -1.570796
5.271717 -17.576321 0.000000 0.000000 -0.190355 -1.570796
-11.372629 -13.327731 0.000000 0.000000 -0.524039 -1.570796
-9.021387 -1.959424 0.000000 0.000000 -1.416904 -1.570796
13.613926 -10.585249 0.000000 0.000000 -0.739433 -1.570796
-4.802157 -9.554561 0.000000 0.000000 -0.820383 -1.570796
-9.331040 -16.171972 0.000000 0.000000 -0.300653 -1.570796
3.481684 0.000000 -0.971675 0.000000 -1.570796 -1.418166
-13.929419 -18.553277 0.000000 0.000000 -0.113625 -1.570796
0.395523 -8.896709 0.000000 0.000000 -0.872050 -1.570796
-1.018745 -17.567184 0.000000 0.000000 -0.191073 -1.570796
-6.782185 -2.653402 0.000000 0.000000 -1.362399 -1.570796
0.609620 -7.864431 0.000000 0.000000 -0.953125 -1.570796
10.215508 0.000000 -2.600684 0.000000 -1.570796 -1.162282
-4.099943 -9.997943 0.000000 0.000000 -0.785560 -1.570796
-4.361439 -7.112848 0.000000 0.000000 -1.012155 -1.570796
-12.954006 -18.497125 0.000000 0.000000 -0.118035 -1.570796
-3.356313 -2.042385 0.000000 0.000000 -1.410388 -1.570796
1.487730 -8.481749 0.000000 0.000000 -0.904641 -1.570796
11.008911 0.000000 -0.831910 0.000000 -1.570796 -1.440120
-1.455903 -19.936118 0.000000 0.000000 -0.005017 -1.570796
11.646841 0.000000 -5.064449 0.000000 -1.570796 -0.775274
-3.302196 0.000000 -5.966858 0.000000 -1.570796 -0.633525
-4.629746 0.000000 -4.538388 0.000000 -1.570796 -0.857908
14.749333 -17.705543 0.000000 0.000000 -0.180206 -1.570796
-14.904183 0.000000 -0.780690 0.000000 -1.570796 -1.448166
-9.699846 0.000000 -3.716715 0.000000 -1.570796 -0.986976
-7.505842 0.000000 -8.597752 0.000000 -1.570796 -0.220265
5.004875 0.000000 -3.199380 0.000000 -1.570796 -1.068239
-6.016118 -6.946131 0.000000 0.000000 -1.025249 -1.570796
-2.005305 -18.851130 0.000000 0.000000 -0.090232 -1.570796
0.491160 -1.380064 0.000000 0.000000 -1.462406 -1.570796
-5.045042 -4.540194 0.000000 0.000000 -1.214210 -1.570796
-3.017364 0.000000 -0.208061 0.000000 -1.570796 -1.538114
10.830333 -17.365388 0.000000 0.000000 -0.206922 -1.570796
7.692799 0.000000 -6.335562 0.000000 -1.570796 -0.575609
-9.984736 0.000000 -4.546949 0.000000 -1.570796 -0.856563
2.357234 -12.000127 0.000000 0.000000 -0.628309 -1.570796
-12.314087 -7.172440 0.000000 0.000000 -1.007474 -1.570796
3.174843 -16.924389 0.000000 0.000000 -0.241558 -1.570796
13.064013 -2.301912 0.000000 0.000000 -1.390005 -1.570796
-7.294450 -19.783679 0.000000 0.000000 -0.016990 -1.570796
6.886121 0.000000 -9.913654 0.000000 -1.570796 -0.013563
-3.802064 0.000000 -6.935032 0.000000 -1.570796 -0.481444
12.828515 -0.154026 0.000000 0.000000 -1.558699 -1.570796
-11.422423 -10.865388 0.000000 0.000000 -0.717431 -1.570796
11.776211 0.000000 -6.376573 0.000000 -1.570796 -0.569167
8.661418 -5.045787 0.000000 0.000000 -1.174501 -1.570796
4.956233 -1.031764 0.000000 0.000000 -1.489762 -1.570796
4.078336 -4.161100 0.000000 0.000000 -1.243984 -1.570796
6.703855 -12.314065 0.000000 0.000000 -0.603652 -1.570796
-14.859439 0.000000 -1.800735 0.000000 -1.570796 -1.287937
-13.522069 0.000000 -8.149134 0.000000 -1.570796 -0.290733
-13.245653 -2.818507 0.000000 0.000000 -1.349431 -1.570796
-13.939384 0.000000 -1.478053 0.000000 -1.570796 -1.338624
4.335404 -15.883552 0.000000 0.000000 -0.323305 -1.570796
-14.855411 -4.202728 0.000000 0.000000 -1.240715 -1.570796
0.910489 -13.148693 0.000000 0.000000 -0.538100 -1.570796
-13.592707 0.000000 -4.426783 0.000000 -1.570796 -0.875439
11.492525 -11.108706 0.000000 0.000000 -0.698321 -1.570796
-6.072000 -19.863177 0.000000 0.000000 -0.010746 -1.570796
-6.437720 -9.028434 0.000000 0.000000 -0.861705 -1.570796
-13.376279 -10.790796 0.000000 0.000000 -0.723289 -1.570796
1.751747 -13.143669 0.000000 0.000000 -0.538495 -1.570796
-6.678954 -14.204844 0.000000 0.000000 -0.455150 -1.570796
-12.032428 0.000000 -2.482126 0.000000 -1.570796 -1.180905
-3.948155 -16.217836 0.000000 0.000000 -0.297050 -1.570796
10.652677 0.000000 -3.321615 0.000000 -1.570796 -1.049038
-10.180226 0.000000 -5.624473 0.000000 -1.570796 -0.687306
7.714679 0.000000 -0.837593 0.000000 -1.570796 -1.439227
4.492198 -10.992349 0.000000 0.000000 -0.707459 -1.570796
-2.659909 -13.736449 0.000000 0.000000 -0.491938 -1.570796
-4.856031 -12.507352 0.000000 0.000000 -0.588471 -1.570796
6.762946 0.000000 -0.771472 0.000000 -1.570796 -1.449614
-8.178459 -0.042459 0.000000 0.000000 -1.567462 -1.570796
-0.420137 -0.957137 0.000000 0.000000 -1.495623 -1.570796
-2.111731 -9.922593 0.000000 0.000000 -0.791478 -1.570796
-14.988087 -13.059503 0.000000 0.000000 -0.545105 -1.570796
14.258802 -19.825397 0.000000 0.000000 -0.013713 -1.570796
10.204916 -19.973422 0.000000 0.000000 -0.002087 -1.570796
-1.557202 0.000000 -2.719592 0.000000 -1.570796 -1.143604
5.559939 0.000000 -2.554244 0.000000 -1.570796 -1.169577
-14.949102 -6.876608 0.000000 0.000000 -1.030709 -1.570796
7.342210 -1.471341 0.000000 0.000000 -1.455238 -1.570796
-7.052347 0.000000 -5.121280 0.000000 -1.570796 -0.766347
-7.474792 -10.124730 0.000000 0.000000 -0.775602 -1.570796
1.061191 -6.656192 0.000000 0.000000 -1.048020 -1.570796
-10.405483 -7.391203 0.000000 0.000000 -0.990293 -1.570796
8.528387 -15.982972 0.000000 0.000000 -0.315497 -1.570796
-7.158017 0.000000 -4.051381 0.000000 -1.570796 -0.934407
-5.455316 -18.847350 0.000000 0.000000 -0.090529 -1.570796
-0.112549 -2.047921 0.000000 0.000000 -1.409953 -1.570796
2.570752 -2.079269 0.000000 0.000000 -1.407491 -1.570796
6.266506 -9.616349 0.000000 0.000000 -0.815530 -1.570796
-12.037311 -18.343263 0.000000 0.000000 -0.130120 -1.570796
-9.404186 0.000000 -5.266165 0.000000 -1.570796 -0.743589
12.065380 -1.385251 0.000000 0.000000 -1.461999 -1.570796
-0.945427 0.000000 -3.304951 0.000000 -1.570796 -1.051656
-12.102783 0.000000 -9.966207 0.000000 -1.570796 -0.005308
-8.366027 -7.291510 0.000000 0.000000 -0.998123 -1.570796
-0.248897 0.000000 -6.142715 0.000000 -1.570796 -0.605901
-12.126744 -8.052705 0.000000 0.000000 -0.938338 -1.570796
-5.343203 -7.717318 0.000000 0.000000 -0.964680 -1.570796
-6.189396 0.000000 -3.430670 0.000000 -1.570796 -1.031908
6.636479 -17.903706 0.000000 0.000000 -0.164643 -1.570796
-0.866934 0.000000 -6.873872 0.000000 -1.570796 -0.491051
2.441163 0.000000 -5.209671 0.000000 -1.570796 -0.752463
2.581092 0.000000 -0.778275 0.000000 -1.570796 -1.448545
-6.847855 -13.357512 0.000000 0.000000 -0.521700 -1.570796
7.771265 0.000000 -8.323678 0.000000 -1.570796 -0.263316
9.798055 -9.561341 0.000000 0.000000 -0.819850 -1.570796
3.983206 -3.295190 0.000000 0.000000 -1.311993 -1.570796
14.540305 -0.021253 0.000000 0.000000 -1.569127 -1.570796
0.130331 0.000000 -9.942447 0.000000 -1.570796 -0.009040
0.133072 -13.923767 0.000000 0.000000 -0.477226 -1.570796
-12.550183 0.000000 -3.133022 0.000000 -1.570796 -1.078662
1.504834 0.000000 -8.554014 0.000000 -1.570796 -0.227135
-4.491272 -0.028206 0.000000 0.000000 -1.568581 -1.570796
-0.333068 -18.043767 0.000000 0.000000 -0.153642 -1.570796
-14.835163 -11.957508 0.000000 0.000000 -0.631656 -1.570796
-13.347256 -1.930972 0.000000 0.000000 -1.419138 -1.570796
1.573552 0.000000 -4.944903 0.000000 -1.570796 -0.794053
-8.438976 -0.860636 0.000000 0.000000 -1.503202 -1.570796
2.941629 0.000000 -4.443915 0.000000 -1.570796 -0.872748
-13.169132 -5.590408 0.000000 0.000000 -1.131727 -1.570796
-8.037949 -17.400552 0.000000 0.000000 -0.204160 -1.570796
4.440813 -14.263968 0.000000 0.000000 -0.450507 -1.570796
10.766767 -3.610337 0.000000 0.000000 -1.287241 -1.570796
-8.814157 -17.113269 0.000000 0.000000 -0.226723 -1.570796
-13.878089 -12.997703 0.000000 0.000000 -0.549959 -1.570796
11.506579 0.000000 -4.029145 0.000000 -1.570796 -0.937900
1.684625 -15.368060 0.000000 0.000000 -0.363792 -1.570796
-14.822870 -8.330289 0.000000 0.000000 -0.916537 -1.570796
0.498745 -19.789642 0.000000 0.000000 -0.016521 -1.570796
13.162907 0.000000 -3.120814 0.000000 -1.570796 -1.080580
-14.020673 0.000000 -5.233299 0.000000 -1.570796 -0.748752
9.854321 -10.463680 0.000000 0.000000 -0.748981 -1.570796
5.286903 -19.982979 0.000000 0.000000 -0.001337 -1.570796
3.379939 -5.443610 0.000000 0.000000 -1.143256 -1.570796
4.283524 0.000000 -1.745780 0.000000 -1.570796 -1.296570
-6.891759 -6.567116 0.000000 0.000000 -1.055016 -1.570796
-6.947273 0.000000 -9.869165 0.000000 -1.570796 -0.020551
1.997110 -14.492823 0.000000 0.000000 -0.432533 -1.570796
-8.941227 0.000000 -1.190158 0.000000 -1.570796 -1.383847
1.560704 -9.396769 0.000000 0.000000 -0.832776 -1.570796
-0.554861 -9.943104 0.000000 0.000000 -0.789867 -1.570796
9.964286 -17.411630 0.000000 0.000000 -0.203290 -1.570796
-13.820925 -12.004335 0.000000 0.000000 -0.627978 -1.570796
7.050059 -7.852945 0.000000 0.000000 -0.954027 -1.570796
2.307033 -0.081537 0.000000 0.000000 -1.564392 -1.570796
-5.644202 0.000000 -0.013629 0.000000 -1.570796 -1.568655
6.264815 -7.195803 0.000000 0.000000 -1.005639 -1.570796
-0.377418 0.000000 -2.397560 0.000000 -1.570796 -1.194188
-7.922550 -3.048730 0.000000 0.000000 -1.331350 -1.570796
3.712355 0.000000 -8.268199 0.000000 -1.570796 -0.272031
-1.624305 0.000000 -9.839028 0.000000 -1.570796 -0.025285
8.255986 -14.510412 0.000000 0.000000 -0.431151 -1.570796
5.371564 -19.015339 0.000000 0.000000 -0.077335 -1.570796
-0.384199 -14.754941 0.000000 0.000000 -0.411946 -1.570796
13.567576 -5.646935 0.000000 0.000000 -1.127287 -1.570796
-13.881132 0.000000 -0.609433 0.000000 -1.570796 -1.475067
7.068032 -19.984232 0.000000 0.000000 -0.001238 -1.570796
-12.456380 -14.916800 0.000000 0.000000 -0.399234 -1.570796
5.874276 -6.438618 0.000000 0.000000 -1.065108 -1.570796
7.259803 0.000000 -9.125411 0.000000 -1.570796 -0.137380
8.010554 0.000000 -7.111457 0.000000 -1.570796 -0.453731
10.710088 -9.699526 0.000000 0.000000 -0.808997 -1.570796
-12.973678 -19.468116 0.000000 0.000000 -0.041774 -1.570796
-6.869989 0.000000 -6.158556 0.000000 -1.570796 -0.603413
-13.861117 0.000000 -6.733635 0.000000 -1.570796 -0.513079
14.985067 -16.667766 0.000000 0.000000 -0.261713 -1.570796
-6.423143 -18.965542 0.000000 0.000000 -0.081246 -1.570796
5.329756 -0.154106 0.000000 0.000000 -1.558693 -1.570796
7.735866 -8.349705 0.000000 0.000000 -0.915012 -1.570796
-6.345511 -12.550077 0.000000 0.000000 -0.585116 -1.570796
6.381328 0.000000 -3.750385 0.000000 -1.570796 -0.981687
0.814359 -17.120575 0.000000 0.000000 -0.226150 -1.570796
-4.408073 -3.857277 0.000000 0.000000 -1.267846 -1.570796
-14.876903 0.000000 -6.059591 0.000000 -1.570796 -0.618958
-7.503474 -14.548246 0.000000 0.000000 -0.428180 -1.570796
11.101569 -4.493807 0.000000 0.000000 -1.217854 -1.570796
-4.262383 -18.556299 0.000000 0.000000 -0.113388 -1.570796
-14.592907 -19.961350 0.000000 0.000000 -0.003036 -1.570796
-2.639939 -18.284839 0.000000 0.000000 -0.134708 -1.570796
-4.638861 -6.330090 0.000000 0.000000 -1.073632 -1.570796
0.233251 -7.026475 0.000000 0.000000 -1.018938 -1.570796
12.736681 -10.276297 0.000000 0.000000 -0.763698 -1.570796
4.344896 -12.006992 0.000000 0.000000 -0.627769 -1.570796
-3.279403 0.000000 -4.829160 0.000000 -1.570796 -0.812234
-14.881798 -5.627533 0.000000 0.000000 -1.128811 -1.570796
-9.549206 0.000000 -8.955664 0.000000 -1.570796 -0.164044
-3.017024 -9.815909 0.000000 0.000000 -0.799857 -1.570796
5.354526 -2.087683 0.000000 0.000000 -1.406830 -1.570796
1.377387 -16.340345 0.000000 0.000000 -0.287429 -1.570796
4.592389 0.000000 -7.978303 0.000000 -1.570796 -0.317567
-9.791429 -12.647031 0.000000 0.000000 -0.577501 -1.570796
-6.884458 -3.516014 0.000000 0.000000 -1.294649 -1.570796
-11.615799 -6.261823 0.000000 0.000000 -1.078994 -1.570796
11.659434 -3.835419 0.000000 0.000000 -1.269563 -1.570796
4.331308 0.000000 -2.718834 0.000000 -1.570796 -1.143723
12.470121 -13.408566 0.000000 0.000000 -0.517690 -1.570796
-2.078936 -15.253992 0.000000 0.000000 -0.372751 -1.570796
-3.138768 -19.973001 0.000000 0.000000 -0.002121 -1.570796
5.343998 -11.282096 0.000000 0.000000 -0.684703 -1.570796
-5.071703 -10.478270 0.000000 0.000000 -0.747835 -1.570796
11.864244 0.000000 -9.914406 0.000000 -1.570796 -0.013445
-13.852968 -3.649250 0.000000 0.000000 -1.284185 -1.570796
-6.309489 0.000000 -1.752824 0.000000 -1.570796 -1.295463
-1.399866 -0.031773 0.000000 0.000000 -1.568301 -1.570796
-5.955453 -13.683197 0.000000 0.000000 -0.496121 -1.570796
-12.395776 -5.888583 0.000000 0.000000 -1.108308 -1.570796
3.215049 -6.276647 0.000000 0.000000 -1.077830 -1.570796
2.970178 -9.855792 0.000000 0.000000 -0.796724 -1.570796
-7.970944 -9.447703 0.000000 0.000000 -0.828775 -1.570796
2.840733 -3.231393 0.000000 0.000000 -1.317003 -1.570796
9.579263 -2.044072 0.000000 0.000000 -1.410255 -1.570796
-10.337061 0.000000 -6.469791 0.000000 -1.570796 -0.554524
-10.611959 0.000000 -4.003387 0.000000 -1.570796 -0.941946
-12.783605 0.000000 -4.075067 0.000000 -1.570796 -0.930686
7.171895 -13.049194 0.000000 0.000000 -0.545915 -1.570796
10.792235 -6.073228 0.000000 0.000000 -1.093806 -1.570796
9.239697 -12.007738 0.000000 0.000000 -0.627711 -1.570796
-5.111000 0.000000 -5.556696 0.000000 -1.570796 -0.697952
-14.376923 -0.291564 0.000000 0.000000 -1.547897 -1.570796
4.283484 0.000000 -6.621879 0.000000 -1.570796 -0.530634
-9.115485 0.000000 -0.114175 0.000000 -1.570796 -1.552862
2.338777 -16.331002 0.000000 0.000000 -0.288162 -1.570796
12.453238 0.000000 -0.766787 0.000000 -1.570796 -1.450350
0.486402 0.000000 -2.333733 0.000000 -1.570796 -1.204214
14.897421 0.000000 -5.116279 0.000000 -1.570796 -0.767133
0.705613 -18.807845 0.000000 0.000000 -0.093632 -1.570796
-5.117192 0.000000 -0.672615 0.000000 -1.570796 -1.465142
-12.273078 -2.122423 0.000000 0.000000 -1.404102 -1.570796
-7.779163 0.000000 -1.045422 0.000000 -1.570796 -1.406582
-5.914618 -2.590493 0.000000 0.000000 -1.367340 -1.570796
-3.185249 -8.941757 0.000000 0.000000 -0.868512 -1.570796
8.406864 -12.179229 0.000000 0.000000 -0.614242 -1.570796
-1.960836 0.000000 -8.903025 0.000000 -1.570796 -0.172312
9.022019 0.000000 -8.781584 0.000000 -1.570796 -0.191388
-8.087937 0.000000 -7.942845 0.000000 -1.570796 -0.323137
-0.205246 -19.160824 0.000000 0.000000 -0.065909 -1.570796
-2.109691 -11.109007 0.000000 0.000000 -0.698297 -1.570796
-10.640477 -14.015713 0.000000 0.000000 -0.470005 -1.570796
-11.079698 -18.767217 0.000000 0.000000 -0.096823 -1.570796
-10.497403 -13.101537 0.000000 0.000000 -0.541804 -1.570796
-3.478763 -3.337833 0.000000 0.000000 -1.308644 -1.570796
7.187528 0.000000 -5.467792 0.000000 -1.570796 -0.711918
-10.547756 -10.378767 0.000000 0.000000 -0.755650 -1.570796
9.128270 -19.738103 0.000000 0.000000 -0.020569 -1.570796
10.080175 0.000000 -0.468137 0.000000 -1.570796 -1.497261
-0.228483 -16.970354 0.000000 0.000000 -0.237948 -1.570796
14.871556 -0.889082 0.000000 0.000000 -1.500968 -1.570796
-5.165893 -14.857939 0.000000 0.000000 -0.403857 -1.570796
14.949087 0.000000 -7.412652 0.000000 -1.570796 -0.406420
-0.501820 -12.827648 0.000000 0.000000 -0.563315 -1.570796
5.384543 -5.654885 0.000000 0.000000 -1.126663 -1.570796
-10.667730 -19.872154 0.000000 0.000000 -0.010041 -1.570796
-5.143926 -8.625656 0.000000 0.000000 -0.893339 -1.570796
-5.515492 0.000000 -2.020805 0.000000 -1.570796 -1.253369
8.559557 0.000000 -1.967571 0.000000 -1.570796 -1.261731
-14.986974 -0.943393 0.000000 0.000000 -1.496702 -1.570796
7.203172 -15.181549 0.000000 0.000000 -0.378440 -1.570796
9.492358 -18.909988 0.000000 0.000000 -0.085609 -1.570796
1.549143 -19.358437 0.000000 0.000000 -0.050388 -1.570796
-5.319517 -16.127633 0.000000 0.000000 -0.304135 -1.570796
3.787725 -8.647291 0.000000 0.000000 -0.891640 -1.570796
-11.066825 0.000000 -1.963966 0.000000 -1.570796 -1.262297
-13.195825 -16.438491 0.000000 0.000000 -0.279720 -1.570796
-0.168838 0.000000 -1.583403 0.000000 -1.570796 -1.322076
-0.712946 -13.995842 0.000000 0.000000 -0.471565 -1.570796
-14.745773 -3.324308 0.000000 0.000000 -1.309706 -1.570796
-10.402292 0.000000 -7.295293 0.000000 -1.570796 -0.424854
-8.955974 0.000000 -3.321179 0.000000 -1.570796 -1.049107
13.817877 0.000000 -5.366013 0.000000 -1.570796 -0.727905
-1.735731 -12.928092 0.000000 0.000000 -0.555426 -1.570796
-1.198985 -15.311593 0.000000 0.000000 -0.368227 -1.570796
-4.572808 -16.826689 0.000000 0.000000 -0.249231 -1.570796
7.156179 -16.127119 0.000000 0.000000 -0.304175 -1.570796
-0.479496 -11.041337 0.000000 0.000000 -0.703612 -1.570796
-1.573714 0.000000 -3.931839 0.000000 -1.570796 -0.953184
-11.778261 -14.332584 0.000000 0.000000 -0.445118 -1.570796
4.286388 -13.189972 0.000000 0.000000 -0.534858 -1.570796
12.282094 0.000000 -5.603803 0.000000 -1.570796 -0.690553
2.794107 0.000000 -9.961920 0.000000 -1.570796 -0.005982
-13.072485 0.000000 -7.395105 0.000000 -1.570796 -0.409176
-7.918028 0.000000 -6.062526 0.000000 -1.570796 -0.618497
-0.485292 -6.617158 0.000000 0.000000 -1.051086 -1.570796
3.382315 0.000000 -2.592749 0.000000 -1.570796 -1.163528
-12.219972 -1.015187 0.000000 0.000000 -1.491064 -1.570796
7.944987 -18.113068 0.000000 0.000000 -0.148199 -1.570796
-7.095540 -16.969450 0.000000 0.000000 -0.238019 -1.570796
9.147372 -8.435668 0.000000 0.000000 -0.908261 -1.570796
-7.381668 -8.546298 0.000000 0.000000 -0.899572 -1.570796
-7.759282 0.000000 -2.899753 0.000000 -1.570796 -1.115304
12.890837 -19.757536 0.000000 0.000000 -0.019043 -1.570796
13.713365 0.000000 -8.555620 0.000000 -1.570796 -0.226883
-6.913704 -17.828938 0.000000 0.000000 -0.170515 -1.570796
-4.343519 0.000000 -1.375261 0.000000 -1.570796 -1.354771
3.774241 -17.616236 0.000000 0.000000 -0.187220 -1.570796
8.069069 -13.006436 0.000000 0.000000 -0.549273 -1.570796
-4.432379 0.000000 -2.224075 0.000000 -1.570796 -1.221439
-2.910376 0.000000 -6.710220 0.000000 -1.570796 -0.516757
-6.041071 -14.755951 0.000000 0.000000 -0.411867 -1.570796
-8.498360 0.000000 -4.050429 0.000000 -1.570796 -0.934556
-12.967155 0.000000 -0.914505 0.000000 -1.570796 -1.427146
4.995838 0.000000 -4.893871 0.000000 -1.570796 -0.802069
1.660395 0.000000 -1.274356 0.000000 -1.570796 -1.370621
-9.750545 -8.146333 0.000000 0.000000 -0.930985 -1.570796
1.647852 -7.576241 0.000000 0.000000 -0.975760 -1.570796
-2.753174 -4.317459 0.000000 0.000000 -1.231704 -1.570796
11.029909 0.000000 -5.758349 0.000000 -1.570796 -0.666277
-1.552857 -7.091387 0.000000 0.000000 -1.013840 -1.570796
11.399668 -12.177056 0.000000 0.000000 -0.614413 -1.570796
3.342194 -7.154398 0.000000 0.000000 -1.008891 -1.570796
-1.442801 0.000000 -8.037124 0.000000 -1.570796 -0.308328
3.183444 0.000000 -8.971913 0.000000 -1.570796 -0.161491
2.129539 -10.079724 0.000000 0.000000 -0.779137 -1.570796
-7.415307 -4.262491 0.000000 0.000000 -1.236021 -1.570796
-2.583280 -6.643345 0.000000 0.000000 -1.049029 -1.570796
-6.449930 0.000000 -0.843275 0.000000 -1.570796 -1.438335
-12.322058 -13.686125 0.000000 0.000000 -0.495891 -1.570796
13.342907 -3.351621 0.000000 0.000000 -1.307561 -1.570796
-6.125240 -4.573466 0.000000 0.000000 -1.211597 -1.570796
-10.212613 -4.069947 0.000000 0.000000 -1.251143 -1.570796
4.287834 -19.833582 0.000000 0.000000 -0.013070 -1.570796
0.222051 -3.036914 0.000000 0.000000 -1.332278 -1.570796
7.742538 -10.105457 0.000000 0.000000 -0.777116 -1.570796
-14.845834 -1.899231 0.000000 0.000000 -1.421631 -1.570796
9.083543 -4.200874 0.000000 0.000000 -1.240860 -1.570796
13.110016 -15.798817 0.000000 0.000000 -0.329960 -1.570796
14.960166 0.000000 -3.830505 0.000000 -1.570796 -0.969102
10.000617 -4.264529 0.000000 0.000000 -1.235861 -1.570796
-11.126954 -3.859300 0.000000 0.000000 -1.267688 -1.570796
11.461556 -6.577055 0.000000 0.000000 -1.054236 -1.570796
4.238501 -5.330794 0.000000 0.000000 -1.152117 -1.570796
1.410042 0.000000 -0.134564 0.000000 -1.570796 -1.549659
-3.117692 -11.167996 0.000000 0.000000 -0.693664 -1.570796
2.086042 0.000000 -5.980685 0.000000 -1.570796 -0.631353
-14.028260 0.000000 -2.430147 0.000000 -1.570796 -1.189070
-4.316913 -15.419599 0.000000 0.000000 -0.359744 -1.570796
-3.189021 0.000000 -7.598853 0.000000 -1.570796 -0.377171
-5.502691 -1.657851 0.000000 0.000000 -1.440589 -1.570796
8.680157 0.000000 -1.012786 0.000000 -1.570796 -1.411708
14.928666 -5.368776 0.000000 0.000000 -1.149134 -1.570796
-4.475199 -1.672174 0.000000 0.000000 -1.439464 -1.570796
-4.355790 0.000000 -7.721721 0.000000 -1.570796 -0.357871
4.402727 -7.691644 0.000000 0.000000 -0.966696 -1.570796
-1.491708 -14.349553 0.000000 0.000000 -0.443785 -1.570796
-9.992998 -18.895163 0.000000 0.000000 -0.086774 -1.570796
14.645255 -7.683639 0.000000 0.000000 -0.967325 -1.570796
5.267565 -13.015629 0.000000 0.000000 -0.548551 -1.570796
13.329345 0.000000 -7.649734 0.000000 -1.570796 -0.369179
7.489357 0.000000 -2.032047 0.000000 -1.570796 -1.251603
-14.987839 0.000000 -9.576257 0.000000 -1.570796 -0.066561
-0.720862 0.000000 -9.816079 0.000000 -1.570796 -0.028890
-14.079336 0.000000 -9.889513 0.000000 -1.570796 -0.017355
-0.632422 -8.962876 0.000000 0.000000 -0.866854 -1.570796
1.396846 0.000000 -9.700081 0.000000 -1.570796 -0.047111
-12.279566 0.000000 -7.931532 0.000000 -1.570796 -0.324914
11.524978 -7.417294 0.000000 0.000000 -0.988243 -1.570796
-5.108864 -19.828100 0.000000 0.000000 -0.013501 -1.570796
7.059944 -3.053047 0.000000 0.000000 -1.331011 -1.570796
-10.990553 -2.889125 0.000000 0.000000 -1.343885 -1.570796
-2.003322 -9.003403 0.000000 0.000000 -0.863671 -1.570796
10.541205 -7.385813 0.000000 0.000000 -0.990716 -1.570796
-13.791658 -19.602996 0.000000 0.000000 -0.031181 -1.570796
1.383813 -12.359661 0.000000 0.000000 -0.600071 -1.570796
5.953812 -17.099112 0.000000 0.000000 -0.227835 -1.570796
-10.996364 -15.120048 0.000000 0.000000 -0.383271 -1.570796
-8.952470 -12.097004 0.000000 0.000000 -0.620700 -1.570796
-7.997954 0.000000 -5.011491 0.000000 -1.570796 -0.783593
-11.348253 -15.926669 0.000000 0.000000 -0.319919 -1.570796
7.680342 -4.835467 0.000000 0.000000 -1.191020 -1.570796
-0.744604 -5.666803 0.000000 0.000000 -1.125727 -1.570796
-2.425307 -0.659964 0.000000 0.000000 -1.518963 -1.570796
-2.293817 -1.854209 0.000000 0.000000 -1.425167 -1.570796
3.522191 -14.937848 0.000000 0.000000 -0.397580 -1.570796
-9.620605 -6.766357 0.000000 0.000000 -1.039368 -1.570796
2.198866 0.000000 -9.056931 0.000000 -1.570796 -0.148137
8.657871 -2.112584 0.000000 0.000000 -1.404874 -1.570796
6.138192 -18.591544 0.000000 0.000000 -0.110620 -1.570796
-11.890105 -19.237348 0.000000 0.000000 -0.059899 -1.570796
12.269844 0.000000 -3.507552 0.000000 -1.570796 -1.019831
-6.654083 -0.011021 0.000000 0.000000 -1.569931 -1.570796
-6.113902 -10.070072 0.000000 0.000000 -0.779895 -1.570796
5.126071 0.000000 -1.523008 0.000000 -1.570796 -1.331563
-11.913404 -16.530375 0.000000 0.000000 -0.272504 -1.570796
12.610984 -7.210575 0.000000 0.000000 -1.004479 -1.570796
10.937817 -1.098615 0.000000 0.000000 -1.484511 -1.570796
-3.314998 -7.335175 0.000000 0.000000 -0.994693 -1.570796
9.800588 0.000000 -8.446930 0.000000 -1.570796 -0.243956
-10.023482 -3.141955 0.000000 0.000000 -1.324028 -1.570796
5.374460 -4.658462 0.000000 0.000000 -1.204922 -1.570796
-14.903313 -10.841815 0.000000 0.000000 -0.719282 -1.570796
3.221487 -8.045186 0.000000 0.000000 -0.938929 -1.570796
4.642564 -15.115874 0.000000 0.000000 -0.383598 -1.570796
14.063359 -1.472658 0.000000 0.000000 -1.455134 -1.570796
-8.994943 -9.186099 0.000000 0.000000 -0.849322 -1.570796
14.856479 0.000000 -1.773267 0.000000 -1.570796 -1.292252
11.958207 -9.803762 0.000000 0.000000 -0.800811 -1.570796
6.099984 -8.209850 0.000000 0.000000 -0.925996 -1.570796
8.313132 0.000000 -9.971793 0.000000 -1.570796 -0.004431
10.199602 -8.216807 0.000000 0.000000 -0.925450 -1.570796
10.604956 -15.655243 0.000000 0.000000 -0.341236 -1.570796
-0.852433 -16.127692 0.000000 0.000000 -0.304130 -1.570796
13.032578 -16.636632 0.000000 0.000000 -0.264158 -1.570796
-8.247796 -19.807084 0.000000 0.000000 -0.015152 -1.570796
14.469763 -3.517488 0.000000 0.000000 -1.294533 -1.570796
-8.245392 0.000000 -2.023549 0.000000 -1.570796 -1.252938
6.903246 -4.439633 0.000000 0.000000 -1.222108 -1.570796
4.770596 -18.317104 0.000000 0.000000 -0.132174 -1.570796
12.070233 -4.602661 0.000000 0.000000 -1.209304 -1.570796
-2.535966 0.000000 -9.745003 0.000000 -1.570796 -0.040055
14.752907 -9.674380 0.000000 0.000000 -0.810972 -1.570796
12.405549 0.000000 -7.649746 0.000000 -1.570796 -0.369177
0.768295 0.000000 -7.667134 0.000000 -1.570796 -0.366446
-4.127006 -11.138611 0.000000 0.000000 -0.695972 -1.570796
12.736165 -14.264484 0.000000 0.000000 -0.450466 -1.570796
8.355816 -7.387454 0.000000 0.000000 -0.990587 -1.570796
-2.510044 -12.564915 0.000000 0.000000 -0.583950 -1.570796
-7.490114 -11.037430 0.000000 0.000000 -0.703919 -1.570796
-2.415148 0.000000 -5.451443 0.000000 -1.570796 -0.714486
6.474400 -1.582921 0.000000 0.000000 -1.446474 -1.570796
-3.678134 0.000000 -0.709574 0.000000 -1.570796 -1.459337
10.054031 -14.566973 0.000000 0.000000 -0.426709 -1.570796
-11.995867 0.000000 -8.816750 0.000000 -1.570796 -0.185864
9.503975 -5.083836 0.000000 0.000000 -1.171513 -1.570796
-5.600240 -12.054245 0.000000 0.000000 -0.624058 -1.570796
14.998368 -2.644376 0.000000 0.000000 -1.363107 -1.570796
-13.253922 0.000000 -2.036991 0.000000 -1.570796 -1.250826
14.564749 0.000000 -9.976534 0.000000 -1.570796 -0.003686
-6.967242 -4.964413 0.000000 0.000000 -1.180892 -1.570796
-10.074532 -14.844304 0.000000 0.000000 -0.404927 -1.570796
0.641448 0.000000 -1.375802 0.000000 -1.570796 -1.354686
2.408311 -6.820261 0.000000 0.000000 -1.035134 -1.570796
8.713756 -13.577181 0.000000 0.000000 -0.504447 -1.570796
-3.874725 0.000000 -3.852046 0.000000 -1.570796 -0.965718
-9.328784 -1.147352 0.000000 0.000000 -1.480684 -1.570796
-1.574934 -6.207605 0.000000 0.000000 -1.083252 -1.570796
14.864432 0.000000 -6.045706 0.000000 -1.570796 -0.621139
-10.051390 0.000000 -1.798075 0.000000 -1.570796 -1.288355
13.377642 -12.930420 0.000000 0.000000 -0.555243 -1.570796
-7.065251 0.000000 -7.013874 0.000000 -1.570796 -0.469060
-2.324500 -5.585087 0.000000 0.000000 -1.132145 -1.570796
14.345075 0.000000 -9.116708 0.000000 -1.570796 -0.138747
-9.756412 -2.350896 0.000000 0.000000 -1.386157 -1.570796
-12.978079 -9.942612 0.000000 0.000000 -0.789905 -1.570796
10.719225 0.000000 -8.650415 0.000000 -1.570796 -0.211992
0.384539 0.000000 -0.032510 0.000000 -1.570796 -1.565690
4.078314 -6.706344 0.000000 0.000000 -1.044081 -1.570796
11.690060 -17.497764 0.000000 0.000000 -0.196525 -1.570796
8.779370 -3.163593 0.000000 0.000000 -1.322328 -1.570796
11.646204 -2.998996 0.000000 0.000000 -1.335256 -1.570796
9.080662 -6.124201 0.000000 0.000000 -1.089803 -1.570796
-11.240860 -0.963623 0.000000 0.000000 -1.495114 -1.570796
13.067651 -6.515731 0.000000 0.000000 -1.059052 -1.570796
10.915760 -14.618905 0.000000 0.000000 -0.422630 -1.570796
14.277217 0.000000 -0.948662 0.000000 -1.570796 -1.421781
9.919620 -6.299842 0.000000 0.000000 -1.076008 -1.570796
12.356541 -8.046910 0.000000 0.000000 -0.938794 -1.570796
-0.806861 -2.734526 0.000000 0.000000 -1.356027 -1.570796
11.268039 -16.644367 0.000000 0.000000 -0.263551 -1.570796
-10.356305 -1.657413 0.000000 0.000000 -1.440623 -1.570796
6.731152 -10.348476 0.000000 0.000000 -0.758029 -1.570796
-9.364887 -4.578873 0.000000 0.000000 -1.211172 -1.570796
5.981550 0.000000 -5.078685 0.000000 -1.570796 -0.773038
-6.157552 0.000000 -9.487471 0.000000 -1.570796 -0.080508
10.543509 -13.834233 0.000000 0.000000 -0.484258 -1.570796
5.151938 -16.397956 0.000000 0.000000 -0.282904 -1.570796
14.957914 -14.643250 0.000000 0.000000 -0.420718 -1.570796
-3.024009 -19.148631 0.000000 0.000000 -0.066866 -1.570796
-1.013421 0.000000 -1.103640 0.000000 -1.570796 -1.397437
-14.977786 -9.817563 0.000000 0.000000 -0.799727 -1.570796
-12.041093 -9.069502 0.000000 0.000000 -0.858479 -1.570796
8.868931 0.000000 -0.010416 0.000000 -1.570796 -1.569160
14.849355 -8.524933 0.000000 0.000000 -0.901250 -1.570796
10.310202 -11.186673 0.000000 0.000000 -0.692197 -1.570796
10.190358 -3.010480 0.000000 0.000000 -1.334354 -1.570796
6.469661 0.000000 -8.700938 0.000000 -1.570796 -0.204056
-5.995393 0.000000 -5.335079 0.000000 -1.570796 -0.732764
-13.112233 -15.500969 0.000000 0.000000 -0.353353 -1.570796
-2.140730 0.000000 -7.446177 0.000000 -1.570796 -0.401154
2.270004 -5.980695 0.000000 0.000000 -1.101074 -1.570796
2.706388 -15.550336 0.000000 0.000000 -0.349476 -1.570796
-8.953698 -13.066085 0.000000 0.000000 -0.544588 -1.570796
8.867760 0.000000 -5.008535 0.000000 -1.570796 -0.784058
7.938997 0.000000 -4.866529 0.000000 -1.570796 -0.806364
14.970389 0.000000 -2.894637 0.000000 -1.570796 -1.116108
-1.667982 -16.777573 0.000000 0.000000 -0.253089 -1.570796
-8.506123 -10.227702 0.000000 0.000000 -0.767515 -1.570796
-10.077070 -0.393627 0.000000 0.000000 -1.539881 -1.570796
2.264317 -17.211639 0.000000 0.000000 -0.218997 -1.570796
-9.147354 -18.576926 0.000000 0.000000 -0.111768 -1.570796
12.268852 -15.964527 0.000000 0.000000 -0.316945 -1.570796
-5.741764 0.000000 -6.143216 0.000000 -1.570796 -0.605822
2.617346 -13.725308 0.000000 0.000000 -0.492813 -1.570796
2.719649 0.000000 -1.780167 0.000000 -1.570796 -1.291168
-10.953745 0.000000 -8.372795 0.000000 -1.570796 -0.255601
-8.572993 -11.275305 0.000000 0.000000 -0.685236 -1.570796
6.171364 -13.109469 0.000000 0.000000 -0.541181 -1.570796
8.979745 -10.088510 0.000000 0.000000 -0.778447 -1.570796
-1.571019 -2.387925 0.000000 0.000000 -1.383249 -1.570796
-5.533061 -5.242838 0.000000 0.000000 -1.159025 -1.570796
-8.538729 0.000000 -7.247047 0.000000 -1.570796 -0.432433
-9.303885 -19.887459 0.000000 0.000000 -0.008839 -1.570796
2.683671 0.000000 -8.312184 0.000000 -1.570796 -0.265121
-13.143442 0.000000 -5.225335 0.000000 -1.570796 -0.750003
13.840174 -16.863945 0.000000 0.000000 -0.246305 -1.570796
11.663570 0.000000 -1.390593 0.000000 -1.570796 -1.352363
4.762432 0.000000 -9.817556 0.000000 -1.570796 -0.028658
13.913118 -9.736460 0.000000 0.000000 -0.806097 -1.570796
-12.955315 -0.025516 0.000000 0.000000 -1.568792 -1.570796
2.682889 -10.706012 0.000000 0.000000 -0.729948 -1.570796
-6.766562 -15.160310 0.000000 0.000000 -0.380108 -1.570796
12.852829 -11.180008 0.000000 0.000000 -0.692721 -1.570796
2.961483 -4.674079 0.000000 0.000000 -1.203695 -1.570796
3.637908 -10.621957 0.000000 0.000000 -0.736550 -1.570796
-6.278103 0.000000 -4.503037 0.000000 -1.570796 -0.863461
-10.372495 0.000000 -1.016616 0.000000 -1.570796 -1.411107
3.195998 -11.419763 0.000000 0.000000 -0.673890 -1.570796
7.789483 -2.614510 0.000000 0.000000 -1.365453 -1.570796
-1.255241 -1.079002 0.000000 0.000000 -1.486052 -1.570796
-1.924219 0.000000 -0.683260 0.000000 -1.570796 -1.463470
-3.680082 0.000000 -8.307847 0.000000 -1.570796 -0.265803
-7.296242 -18.688726 0.000000 0.000000 -0.102987 -1.570796
12.840040 -4.041760 0.000000 0.000000 -1.253357 -1.570796
-4.536490 0.000000 -9.091871 0.000000 -1.570796 -0.142649
7.264558 -9.378702 0.000000 0.000000 -0.834195 -1.570796
0.544863 -14.769444 0.000000 0.000000 -0.410807 -1.570796
-11.347727 0.000000 -5.631769 0.000000 -1.570796 -0.686160
-3.460584 -6.372809 0.000000 0.000000 -1.070277 -1.570796
-1.331967 -11.866582 0.000000 0.000000 -0.638797 -1.570796
8.143533 -11.122116 0.000000 0.000000 -0.697267 -1.570796
8.622881 0.000000 -4.187296 0.000000 -1.570796 -0.913057
5.635398 0.000000 -8.233248 0.000000 -1.570796 -0.277521
2.653959 -19.946656 0.000000 0.000000 -0.004190 -1.570796
-0.203836 0.000000 -0.756763 0.000000 -1.570796 -1.451924
-14.392957 -13.695335 0.000000 0.000000 -0.495167 -1.570796
-11.124685 -11.956556 0.000000 0.000000 -0.631731 -1.570796
-2.409759 0.000000 -4.398111 0.000000 -1.570796 -0.879943
13.290244 0.000000 -0.712196 0.000000 -1.570796 -1.458925
11.561351 0.000000 -3.008258 0.000000 -1.570796 -1.098260
7.380544 -17.230869 0.000000 0.000000 -0.217487 -1.570796
6.309318 0.000000 -6.135806 0.000000 -1.570796 -0.606986
-9.229589 0.000000 -2.350676 0.000000 -1.570796 -1.201553
-3.044464 0.000000 -1.274671 0.000000 -1.570796 -1.370572
4.054788 0.000000 -5.617979 0.000000 -1.570796 -0.688326
-2.454355 -16.108672 0.000000 0.000000 -0.305624 -1.570796
-7.181289 -7.438865 0.000000 0.000000 -0.986549 -1.570796
5.380141 0.000000 -7.351514 0.000000 -1.570796 -0.416023
3.743845 0.000000 -4.695962 0.000000 -1.570796 -0.833156
-4.157871 -14.520447 0.000000 0.000000 -0.430363 -1.570796
13.318228 -11.944363 0.000000 0.000000 -0.632688 -1.570796
-9.767715 -10.990434 0.000000 0.000000 -0.707610 -1.570796
-2.163078 -3.071280 0.000000 0.000000 -1.329579 -1.570796
-0.535414 0.000000 -7.934985 0.000000 -1.570796 -0.324372
-14.165157 -2.641899 0.000000 0.000000 -1.363302 -1.570796
10.884109 -0.170439 0.000000 0.000000 -1.557410 -1.570796
14.987539 -4.318456 0.000000 0.000000 -1.231626 -1.570796
13.494663 -19.171179 0.000000 0.000000 -0.065095 -1.570796
-1.508190 0.000000 -1.848206 0.000000 -1.570796 -1.280481
10.265327 0.000000 -6.078015 0.000000 -1.570796 -0.616064
-13.018390 -12.538709 0.000000 0.000000 -0.586008 -1.570796
10.392289 0.000000 -7.471582 0.000000 -1.570796 -0.397163
-11.107828 -9.686482 0.000000 0.000000 -0.810022 -1.570796
-3.099485 -5.216647 0.000000 0.000000 -1.161082 -1.570796
14.807522 -10.638399 0.000000 0.000000 -0.735258 -1.570796
-12.365687 0.000000 -1.603670 0.000000 -1.570796 -1.318892
1.401889 -11.262482 0.000000 0.000000 -0.686243 -1.570796
-4.024815 0.000000 -5.202029 0.000000 -1.570796 -0.753664
-1.755005 -4.837539 0.000000 0.000000 -1.190857 -1.570796
-10.241069 0.000000 -2.713305 0.000000 -1.570796 -1.144591
-3.760468 -12.117778 0.000000 0.000000 -0.619068 -1.570796
0.203621 0.000000 -3.162078 0.000000 -1.570796 -1.074098
-8.773041 0.000000 -5.806430 0.000000 -1.570796 -0.658724
-12.288790 -19.996770 0.000000 0.000000 -0.000254 -1.570796
12.232813 -6.042692 0.000000 0.000000 -1.096204 -1.570796
-10.953980 -17.895169 0.000000 0.000000 -0.165313 -1.570796
-7.266464 -12.108297 0.000000 0.000000 -0.619813 -1.570796
1.488041 -17.979428 0.000000 0.000000 -0.158695 -1.570796
7.561139 -6.963038 0.000000 0.000000 -1.023921 -1.570796
0.100459 -5.028848 0.000000 0.000000 -1.175832 -1.570796
12.886511 0.000000 -8.627800 0.000000 -1.570796 -0.215545
-11.153788 -8.132183 0.000000 0.000000 -0.932096 -1.570796
-13.818341 0.000000 -9.103287 0.000000 -1.570796 -0.140855
-1.129905 -3.655553 0.000000 0.000000 -1.283690 -1.570796
-4.778639 0.000000 -3.684117 0.000000 -1.570796 -0.992097
-4.252860 -4.781566 0.000000 0.000000 -1.195253 -1.570796
-4.939017 -0.757922 0.000000 0.000000 -1.511269 -1.570796
-8.519433 -6.427604 0.000000 0.000000 -1.065973 -1.570796
13.631079 -14.780580 0.000000 0.000000 -0.409932 -1.570796
12.278048 -18.191978 0.000000 0.000000 -0.142002 -1.570796
0.243882 0.000000 -5.312618 0.000000 -1.570796 -0.736292
7.009808 -14.148813 0.000000 0.000000 -0.459551 -1.570796
-12.988441 -11.572696 0.000000 0.000000 -0.661879 -1.570796
5.056287 -3.365407 0.000000 0.000000 -1.306478 -1.570796
-13.903109 -4.956987 0.000000 0.000000 -1.181475 -1.570796
5.363350 0.000000 -4.126885 0.000000 -1.570796 -0.922547
-5.876397 -0.906435 0.000000 0.000000 -1.499605 -1.570796
4.806929 -6.292196 0.000000 0.000000 -1.076608 -1.570796
11.092109 0.000000 -9.593806 0.000000 -1.570796 -0.063805
-14.950888 -15.484517 0.000000 0.000000 -0.354645 -1.570796
11.569314 -13.896767 0.000000 0.000000 -0.479347 -1.570796
-9.868093 -17.938133 0.000000 0.000000 -0.161939 -1.570796
-3.971307 -19.779478 0.000000 0.000000 -0.017320 -1.570796
-2.427393 -17.409154 0.000000 0.000000 -0.203485 -1.570796
-14.820477 -14.409136 0.000000 0.000000 -0.439105 -1.570796
-0.960656 0.000000 -5.667047 0.000000 -1.570796 -0.680619
-13.800029 -14.975012 0.000000 0.000000 -0.394662 -1.570796
6.581338 0.000000 -7.821984 0.000000 -1.570796 -0.342122
6.388962 -5.365460 0.000000 0.000000 -1.149394 -1.570796
13.608645 -13.852470 0.000000 0.000000 -0.482826 -1.570796
-3.291891 -15.676004 0.000000 0.000000 -0.339606 -1.570796
-4.628958 -17.698147 0.000000 0.000000 -0.180787 -1.570796
5.064578 0.000000 -5.984740 0.000000 -1.570796 -0.630716
-4.621721 0.000000 -6.274658 0.000000 -1.570796 -0.585175
13.015908 -1.345164 0.000000 0.000000 -1.465147 -1.570796
8.823833 -9.252800 0.000000 0.000000 -0.844083 -1.570796
-6.083566 -17.946733 0.000000 0.000000 -0.161263 -1.570796
5.997128 0.000000 -9.436226 0.000000 -1.570796 -0.088557
13.805513 -4.289577 0.000000 0.000000 -1.233894 -1.570796
14.105648 0.000000 -4.068717 0.000000 -1.570796 -0.931684
14.183223 -12.420513 0.000000 0.000000 -0.595292 -1.570796
-6.831020 0.000000 -8.070220 0.000000 -1.570796 -0.303129
-3.163009 -14.608307 0.000000 0.000000 -0.423463 -1.570796
-12.038757 -12.800159 0.000000 0.000000 -0.565474 -1.570796
2.409572 -3.968206 0.000000 0.000000 -1.259134 -1.570796
9.753942 -13.586186 0.000000 0.000000 -0.503740 -1.570796
0.342305 -10.024195 0.000000 0.000000 -0.783498 -1.570796
8.766194 0.000000 -3.364471 0.000000 -1.570796 -1.042306
-5.049018 0.000000 -8.341891 0.000000 -1.570796 -0.260455
7.190494 -11.273458 0.000000 0.000000 -0.685381 -1.570796
-0.011474 0.000000 -7.217330 0.000000 -1.570796 -0.437101
8.213178 -19.865059 0.000000 0.000000 -0.010598 -1.570796
5.960479 0.000000 -1.060022 0.000000 -1.570796 -1.404288
13.354893 -17.778968 0.000000 0.000000 -0.174439 -1.570796
6.948421 -18.896691 0.000000 0.000000 -0.086654 -1.570796
13.630288 -0.494681 0.000000 0.000000 -1.531944 -1.570796
1.935271 0.000000 -7.826543 0.000000 -1.570796 -0.341406
-0.697293 -7.723335 0.000000 0.000000 -0.964207 -1.570796
-13.888763 -0.988697 0.000000 0.000000 -1.493144 -1.570796
-7.770640 -15.387727 0.000000 0.000000 -0.362247 -1.570796
-5.112656 -13.836882 0.000000 0.000000 -0.484050 -1.570796
1.986538 0.000000 -6.936039 0.000000 -1.570796 -0.481286
8.644069 0.000000 -6.015849 0.000000 -1.570796 -0.625829
0.670510 0.000000 -4.123315 0.000000 -1.570796 -0.923108
11.510662 -18.525576 0.000000 0.000000 -0.115801 -1.570796
9.408329 0.000000 -1.413157 0.000000 -1.570796 -1.348818
-4.150859 -8.988239 0.000000 0.000000 -0.864862 -1.570796
3.794141 0.000000 -7.300665 0.000000 -1.570796 -0.424011
-6.461766 -1.779201 0.000000 0.000000 -1.431058 -1.570796
13.619045 0.000000 -9.575068 0.000000 -1.570796 -0.066748
-10.553805 -6.399598 0.000000 0.000000 -1.068173 -1.570796
12.398289 -12.434120 0.000000 0.000000 -0.594223 -1.570796
-10.545751 -5.493776 0.000000 0.000000 -1.139316 -1.570796
-0.151821 0.000000 -4.037175 0.000000 -1.570796 -0.936638
-3.969723 -5.570540 0.000000 0.000000 -1.133287 -1.570796
0.531612 -15.852715 0.000000 0.000000 -0.325727 -1.570796
-14.621513 0.000000 -8.771565 0.000000 -1.570796 -0.192962
-11.525181 0.000000 -1.193379 0.000000 -1.570796 -1.383341
9.716674 -7.496692 0.000000 0.000000 -0.982008 -1.570796
-10.414894 0.000000 -9.064035 0.000000 -1.570796 -0.147021
-11.224104 -1.924119 0.000000 0.000000 -1.419676 -1.570796
4.263423 0.000000 -3.704421 0.000000 -1.570796 -0.988907
-13.129712 -7.715033 0.000000 0.000000 -0.964859 -1.570796
12.648632 -5.197689 0.000000 0.000000 -1.162571 -1.570796
-8.000279 0.000000 -9.855433 0.000000 -1.570796 -0.022709
11.873722 0.000000 -8.919193 0.000000 -1.570796 -0.169773
14.969399 -6.629636 0.000000 0.000000 -1.050106 -1.570796
12.960217 0.000000 -4.413881 0.000000 -1.570796 -0.877466
-11.373358 0.000000 -7.379628 0.000000 -1.570796 -0.411607
-0.258019 0.000000 -8.932828 0.000000 -1.570796 -0.167631
-4.097741 -2.607528 0.000000 0.000000 -1.366002 -1.570796
2.608375 -0.989392 0.000000 0.000000 -1.493090 -1.570796
10.137745 -1.327650 0.000000 0.000000 -1.466523 -1.570796
14.738780 -13.333677 0.000000 0.000000 -0.523572 -1.570796
-11.632927 -17.345723 0.000000 0.000000 -0.208466 -1.570796
7.312880 -0.615549 0.000000 0.000000 -1.522451 -1.570796
-7.612627 -1.942636 0.000000 0.000000 -1.418222 -1.570796
-0.535910 -4.413935 0.000000 0.000000 -1.224127 -1.570796
14.369378 0.000000 -8.004215 0.000000 -1.570796 -0.313497
14.974045 -11.932927 0.000000 0.000000 -0.633586 -1.570796
-8.349670 0.000000 -8.879683 0.000000 -1.570796 -0.175979
11.208782 0.000000 -7.345449 0.000000 -1.570796 -0.416976
-11.424174 -0.018392 0.000000 0.000000 -1.569352 -1.570796
-8.971781 -3.199732 0.000000 0.000000 -1.319490 -1.570796
-14.737237 -17.955770 0.000000 0.000000 -0.160553 -1.570796
9.681521 0.000000 -5.187131 0.000000 -1.570796 -0.756004
3.866804 -1.996336 0.000000 0.000000 -1.414004 -1.570796
-2.857122 0.000000 -8.901382 0.000000 -1.570796 -0.172570
-13.525619 0.000000 -3.498820 0.000000 -1.570796 -1.021203
-6.983405 -1.001838 0.000000 0.000000 -1.492112 -1.570796
-14.990601 0.000000 -4.698543 0.000000 -1.570796 -0.832751
-10.850850 -16.782722 0.000000 0.000000 -0.252684 -1.570796
13.974139 -18.450097 0.000000 0.000000 -0.121729 -1.570796
5.740743 -10.492747 0.000000 0.000000 -0.746698 -1.570796
1.834924 0.000000 -2.194908 0.000000 -1.570796 -1.226021
-11.290737 0.000000 -4.571851 0.000000 -1.570796 -0.852652
5.946877 -3.959104 0.000000 0.000000 -1.259849 -1.570796
-9.783058 -9.885817 0.000000 0.000000 -0.794366 -1.570796
3.931405 0.000000 -9.813947 0.000000 -1.570796 -0.029225
-11.240760 0.000000 -9.676949 0.000000 -1.570796 -0.050745
12.651978 0.000000 -6.760660 0.000000 -1.570796 -0.508834
-12.304452 0.000000 -5.329546 0.000000 -1.570796 -0.733633
-11.835435 -2.971509 0.000000 0.000000 -1.337415 -1.570796
2.564942 -18.086094 0.000000 0.000000 -0.150318 -1.570796
8.133879 -3.781584 0.000000 0.000000 -1.273791 -1.570796
0.158597 -12.272504 0.000000 0.000000 -0.606916 -1.570796
8.946389 -1.289417 0.000000 0.000000 -1.469526 -1.570796
12.283637 0.000000 -1.958825 0.000000 -1.570796 -1.263105
2.714752 -12.866489 0.000000 0.000000 -0.560265 -1.570796
-14.958973 0.000000 -6.995674 0.000000 -1.570796 -0.471919
-5.372565 0.000000 -2.919964 0.000000 -1.570796 -1.112129
6.021275 -15.703393 0.000000 0.000000 -0.337455 -1.570796
-10.538630 -11.331094 0.000000 0.000000 -0.680854 -1.570796
8.260273 -0.714165 0.000000 0.000000 -1.514706 -1.570796
-4.325156 -13.554975 0.000000 0.000000 -0.506191 -1.570796
-6.649060 -10.847971 0.000000 0.000000 -0.718799 -1.570796
-12.228046 -3.712769 0.000000 0.000000 -1.279196 -1.570796
-2.611718 0.000000 -2.041716 0.000000 -1.570796 -1.250084
-13.807392 -6.165929 0.000000 0.000000 -1.086525 -1.570796
-10.101560 -15.869874 0.000000 0.000000 -0.324379 -1.570796
5.082280 -9.961886 0.000000 0.000000 -0.788392 -1.570796
-8.452064 -15.956043 0.000000 0.000000 -0.317612 -1.570796
3.371353 0.000000 -3.585607 0.000000 -1.570796 -1.007571
-8.417436 -4.079190 0.000000 0.000000 -1.250418 -1.570796
9.015230 -11.170729 0.000000 0.000000 -0.693449 -1.570796
12.219858 -2.290878 0.000000 0.000000 -1.390871 -1.570796
-11.212682 -4.963406 0.000000 0.000000 -1.180971 -1.570796
6.400891 0.000000 -2.065297 0.000000 -1.570796 -1.246380
-12.967858 0.000000 -6.381505 0.000000 -1.570796 -0.568392
-1.216513 -10.473307 0.000000 0.000000 -0.748225 -1.570796
6.741677 -6.520686 0.000000 0.000000 -1.058663 -1.570796
-14.851870 0.000000 -3.256533 0.000000 -1.570796 -1.059261
10.576307 -18.240047 0.000000 0.000000 -0.138226 -1.570796
2.912484 0.000000 -6.833632 0.000000 -1.570796 -0.497372
-7.544470 -16.229321 0.000000 0.000000 -0.296148 -1.570796
0.822822 -2.324317 0.000000 0.000000 -1.388245 -1.570796
-12.186500 -10.318791 0.000000 0.000000 -0.760360 -1.570796
9.632315 -16.293634 0.000000 0.000000 -0.291097 -1.570796
9.571922 0.000000 -7.584624 0.000000 -1.570796 -0.379406
-12.750122 -17.242623 0.000000 0.000000 -0.216564 -1.570796
-6.617354 0.000000 -2.719141 0.000000 -1.570796 -1.143675
-11.319365 0.000000 -6.509009 0.000000 -1.570796 -0.548364
-0.783335 0.000000 -4.713580 0.000000 -1.570796 -0.830389
9.433320 0.000000 -4.371153 0.000000 -1.570796 -0.884177
6.316034 -0.051552 0.000000 0.000000 -1.566747 -1.570796
10.476198 -5.044274 0.000000 0.000000 -1.174620 -1.570796
-7.998013 -13.788191 0.000000 0.000000 -0.487874 -1.570796
-4.949777 -2.383056 0.000000 0.000000 -1.383632 -1.570796
11.850399 -14.920295 0.000000 0.000000 -0.398959 -1.570796
1.082654 -3.381543 0.000000 0.000000 -1.305211 -1.570796
12.653663 0.000000 -9.652233 0.000000 -1.570796 -0.054627
14.678261 -18.892950 0.000000 0.000000 -0.086948 -1.570796
-5.854891 -11.220887 0.000000 0.000000 -0.689510 -1.570796
-9.356291 0.000000 -6.443181 0.000000 -1.570796 -0.558704
4.639457 -8.498057 0.000000 0.000000 -0.903360 -1.570796
-4.038481 0.000000 -2.956314 0.000000 -1.570796 -1.106420
-14.395708 -16.101163 0.000000 0.000000 -0.306214 -1.570796
-1.117117 -19.001216 0.000000 0.000000 -0.078444 -1.570796
11.016787 -12.971438 0.000000 0.000000 -0.552022 -1.570796
9.440026 -15.273843 0.000000 0.000000 -0.371192 -1.570796
13.732459 0.000000 -6.241670 0.000000 -1.570796 -0.590357
4.690519 0.000000 -0.795923 0.000000 -1.570796 -1.445773
-4.015649 -7.982917 0.000000 0.000000 -0.943819 -1.570796
-6.188250 0.000000 -8.619805 0.000000 -1.570796 -0.216801
1.526765 -1.817765 0.000000 0.000000 -1.428029 -1.570796
0.579216 -4.222174 0.000000 0.000000 -1.239188 -1.570796
3.539912 -16.130856 0.000000 0.000000 -0.303882 -1.570796
-12.991796 -6.656592 0.000000 0.000000 -1.047989 -1.570796
7.383205 -5.857535 0.000000 0.000000 -1.110747 -1.570796
9.309026 0.000000 -6.716468 0.000000 -1.570796 -0.515776
12.578656 -17.417844 0.000000 0.000000 -0.202802 -1.570796
10.365657 0.000000 -4.154524 0.000000 -1.570796 -0.918205
-13.967463 -8.078360 0.000000 0.000000 -0.936323 -1.570796
0.571305 0.000000 -8.560865 0.000000 -1.570796 -0.226059
-8.323873 -5.346354 0.000000 0.000000 -1.150895 -1.570796
12.020311 -8.840134 0.000000 0.000000 -0.876494 -1.570796
-9.779373 -5.831116 0.000000 0.000000 -1.112822 -1.570796
6.292341 -19.439274 0.000000 0.000000 -0.044039 -1.570796
9.059052 -17.691223 0.000000 0.000000 -0.181331 -1.570796
-14.032471 -7.057088 0.000000 0.000000 -1.016534 -1.570796
1.922404 -2.913244 0.000000 0.000000 -1.341991 -1.570796
-1.769897 0.000000 -6.494174 0.000000 -1.570796 -0.550694
13.920786 -8.905523 0.000000 0.000000 -0.871358 -1.570796
-11.977325 0.000000 -3.879287 0.000000 -1.570796 -0.961439
14.982415 -15.839787 0.000000 0.000000 -0.326742 -1.570796
-13.425379 -17.722515 0.000000 0.000000 -0.178873 -1.570796
13.861409 -7.339489 0.000000 0.000000 -0.994354 -1.570796
10.242741 0.000000 -1.496791 0.000000 -1.570796 -1.335681
3.681224 -18.437015 0.000000 0.000000 -0.122757 -1.570796
-5.443888 -3.414161 0.000000 0.000000 -1.302649 -1.570796
1.300029 0.000000 -3.488527 0.000000 -1.570796 -1.022820
-12.908468 0.000000 -9.226532 0.000000 -1.570796 -0.121496
6.065763 -14.004501 0.000000 0.000000 -0.470885 -1.570796
12.041931 -19.398677 0.000000 0.000000 -0.047228 -1.570796
-12.949816 -4.280273 0.000000 0.000000 -1.234624 -1.570796
11.428049 -15.810750 0.000000 0.000000 -0.329023 -1.570796
-8.334901 -8.656121 0.000000 0.000000 -0.890946 -1.570796
10.305209 -19.103972 0.000000 0.000000 -0.070374 -1.570796
-8.421099 -14.751369 0.000000 0.000000 -0.412227 -1.570796
3.860291 -1.011851 0.000000 0.000000 -1.491326 -1.570796
-9.722346 -13.671740 0.000000 0.000000 -0.497020 -1.570796
-3.222818 0.000000 -3.304738 0.000000 -1.570796 -1.051689
2.367919 0.000000 -3.756667 0.000000 -1.570796 -0.980700
-13.084976 -9.017354 0.000000 0.000000 -0.862575 -1.570796
6.749706 0.000000 -4.763789 0.000000 -1.570796 -0.822502
1.241705 -10.290689 0.000000 0.000000 -0.762568 -1.570796
0.697664 0.000000 -6.005982 0.000000 -1.570796 -0.627379
-12.054961 -5.059729 0.000000 0.000000 -1.173406 -1.570796
7.605749 0.000000 -3.912995 0.000000 -1.570796 -0.956145
-10.606128 -8.997875 0.000000 0.000000 -0.864105 -1.570796
-9.431200 0.000000 -7.322170 0.000000 -1.570796 -0.420633
-6.135597 0.000000 -7.065625 0.000000 -1.570796 -0.460931
9.665347 -0.622758 0.000000 0.000000 -1.521885 -1.570796
-3.632665 -17.939980 0.000000 0.000000 -0.161794 -1.570796
9.614134 0.000000 -3.454453 0.000000 -1.570796 -1.028172
4.199219 -9.491912 0.000000 0.000000 -0.825303 -1.570796
1.534842 -4.265810 0.000000 0.000000 -1.235760 -1.570796
-1.691090 -8.187820 0.000000 0.000000 -0.927726 -1.570796
5.186010 -7.173308 0.000000 0.000000 -1.007406 -1.570796
3.046642 -9.025536 0.000000 0.000000 -0.861932 -1.570796
3.276270 0.000000 -5.995543 0.000000 -1.570796 -0.629019
-2.346715 -7.586386 0.000000 0.000000 -0.974963 -1.570796
11.045115 -8.528224 0.000000 0.000000 -0.900991 -1.570796
3.559644 -13.888445 0.000000 0.000000 -0.480000 -1.570796
4.097692 0.000000 -0.108361 0.000000 -1.570796 -1.553775
2.401189 -18.953898 0.000000 0.000000 -0.082161 -1.570796
10.979484 -2.384291 0.000000 0.000000 -1.383535 -1.570796
-3.519298 0.000000 -1.998207 0.000000 -1.570796 -1.256919
5.024668 0.000000 -8.807552 0.000000 -1.570796 -0.187309
-9.033914 0.000000 -8.189246 0.000000 -1.570796 -0.284433
-10.438968 0.000000 -9.920561 0.000000 -1.570796 -0.012478
14.159177 0.000000 -7.007360 0.000000 -1.570796 -0.470083
-13.925045 -9.466228 0.000000 0.000000 -0.827321 -1.570796
9.777254 -12.676006 0.000000 0.000000 -0.575225 -1.570796
14.272979 -11.434940 0.000000 0.000000 -0.672698 -1.570796
-9.066952 -14.222522 0.000000 0.000000 -0.453762 -1.570796
-3.380456 -17.147858 0.000000 0.000000 -0.224007 -1.570796
-1.974348 -3.958201 0.000000 0.000000 -1.259920 -1.570796
6.372280 -11.448189 0.000000 0.000000 -0.671658 -1.570796
-9.895432 -16.985756 0.000000 0.000000 -0.236738 -1.570796
-8.271380 -18.413467 0.000000 0.000000 -0.124606 -1.570796
-9.151897 -15.228324 0.000000 0.000000 -0.374767 -1.570796
3.206675 -19.223308 0.000000 0.000000 -0.061001 -1.570796
14.059480 0.000000 -2.142241 0.000000 -1.570796 -1.234294
4.125679 -16.766011 0.000000 0.000000 -0.253997 -1.570796
2.348483 -8.058222 0.000000 0.000000 -0.937905 -1.570796
3.547964 -12.737950 0.000000 0.000000 -0.570360 -1.570796
13.926580 -2.448582 0.000000 0.000000 -1.378485 -1.570796
-2.269956 0.000000 -3.457782 0.000000 -1.570796 -1.027649
8.361335 -16.802252 0.000000 0.000000 -0.251151 -1.570796
11.073704 -19.605538 0.000000 0.000000 -0.030981 -1.570796
5.456072 -8.974009 0.000000 0.000000 -0.865979 -1.570796
6.870537 0.000000 -6.969400 0.000000 -1.570796 -0.476046
2.209177 -5.150836 0.000000 0.000000 -1.166251 -1.570796
10.707215 0.000000 -4.946851 0.000000 -1.570796 -0.793747
-11.170163 0.000000 -2.812883 0.000000 -1.570796 -1.128950
-5.394704 0.000000 -9.126645 0.000000 -1.570796 -0.137186
-6.125067 -6.015476 0.000000 0.000000 -1.098342 -1.570796
8.004315 0.000000 -2.939930 0.000000 -1.570796 -1.108993
-3.516257 -13.042883 0.000000 0.000000 -0.546411 -1.570796
6.807335 0.000000 -2.963454 0.000000 -1.570796 -1.105298
14.154106 0.000000 -3.204159 0.000000 -1.570796 -1.067488
11.042577 0.000000 -1.974089 0.000000 -1.570796 -1.260707
0.764183 0.000000 -6.840961 0.000000 -1.570796 -0.496221
0.534804 -11.464307 0.000000 0.000000 -0.670392 -1.570796
-7.237738 0.000000 -1.832436 0.000000 -1.570796 -1.282958
-12.084071 0.000000 -6.141111 0.000000 -1.570796 -0.606153
9.197942 -14.286106 0.000000 0.000000 -0.448768 -1.570796
1.045845 -4.935989 0.000000 0.000000 -1.183125 -1.570796
-5.433529 0.000000 -4.243219 0.000000 -1.570796 -0.904273
1.288870 -14.031862 0.000000 0.000000 -0.468736 -1.570796
5.373650 -14.684020 0.000000 0.000000 -0.417516 -1.570796
8.225976 -5.973987 0.000000 0.000000 -1.101601 -1.570796
13.278226 -8.033206 0.000000 0.000000 -0.939870 -1.570796
-14.522071 0.000000 -7.733276 0.000000 -1.570796 -0.356056
14.145385 -16.043601 0.000000 0.000000 -0.310735 -1.570796
-13.600088 -14.168552 0.000000 0.000000 -0.458001 -1.570796
-5.478670 -17.353303 0.000000 0.000000 -0.207871 -1.570796
5.910586 -0.977853 0.000000 0.000000 -1.493996 -1.570796
-5.154484 0.000000 -7.245320 0.000000 -1.570796 -0.432704
6.144787 -2.342518 0.000000 0.000000 -1.386815 -1.570796
8.589775 0.000000 -8.061663 0.000000 -1.570796 -0.304473
10.446461 -12.085462 0.000000 0.000000 -0.621606 -1.570796
2.512753 0.000000 -2.751950 0.000000 -1.570796 -1.138521
-10.001793 0.000000 -8.068011 0.000000 -1.570796 -0.303476
3.264251 0.000000 -0.060894 0.000000 -1.570796 -1.561231
11.531254 0.000000 -8.154537 0.000000 -1.570796 -0.289885
-8.085834 -12.354902 0.000000 0.000000 -0.600445 -1.570796
13.944794 -6.458399 0.000000 0.000000 -1.063555 -1.570796
-14.416885 -17.076635 0.000000 0.000000 -0.229601 -1.570796
-14.230376 -10.245750 0.000000 0.000000 -0.766097 -1.570796
-5.999442 -16.664403 0.000000 0.000000 -0.261977 -1.570796
-12.112771 -11.743195 0.000000 0.000000 -0.648488 -1.570796
-3.548137 0.000000 -9.459135 0.000000 -1.570796 -0.084959
1.402077 -5.891499 0.000000 0.000000 -1.108079 -1.570796
