-6.782185000000000130e+00 -2.653401999999999816e+00 0.000000000000000000e+00
-5.443888000000000282e+00 -3.414161000000000001e+00 0.000000000000000000e+00
-6.461765999999999899e+00 -1.779201000000000032e+00 0.000000000000000000e+00
-4.949777000000000093e+00 -2.383055999999999841e+00 0.000000000000000000e+00
-5.502691000000000443e+00 -1.657850999999999964e+00 0.000000000000000000e+00
-6.884458000000000411e+00 -3.516014000000000195e+00 0.000000000000000000e+00
-5.876396999999999871e+00 -9.064349999999999907e-01 0.000000000000000000e+00
-4.475198999999999927e+00 -1.672174000000000049e+00 0.000000000000000000e+00
-4.097741000000000078e+00 -2.607527999999999846e+00 0.000000000000000000e+00
-7.612626999999999811e+00 -1.942636000000000029e+00 0.000000000000000000e+00
-6.983405000000000307e+00 -1.001838000000000006e+00 0.000000000000000000e+00
-4.408072999999999908e+00 -3.857276999999999845e+00 0.000000000000000000e+00
-6.125239999999999796e+00 -4.573465999999999809e+00 0.000000000000000000e+00
-7.922550000000000203e+00 -3.048729999999999940e+00 0.000000000000000000e+00
-4.939016999999999769e+00 -7.579219999999999846e-01 0.000000000000000000e+00
-5.045041999999999582e+00 -4.540193999999999619e+00 0.000000000000000000e+00
-7.415307000000000315e+00 -4.262490999999999808e+00 0.000000000000000000e+00
-3.478762999999999828e+00 -3.337832999999999828e+00 0.000000000000000000e+00
-6.967241999999999713e+00 -4.964413000000000409e+00 0.000000000000000000e+00
-3.356313000000000102e+00 -2.042384999999999895e+00 0.000000000000000000e+00
-5.533061000000000007e+00 -5.242837999999999887e+00 0.000000000000000000e+00
-6.654082999999999970e+00 -1.102099999999999955e-02 0.000000000000000000e+00
-3.767790000000000195e+00 -8.976460000000000550e-01 0.000000000000000000e+00
-4.252860000000000085e+00 -4.781565999999999761e+00 0.000000000000000000e+00
-8.417436000000000362e+00 -4.079189999999999650e+00 0.000000000000000000e+00
-4.491272000000000375e+00 -2.820599999999999843e-02 0.000000000000000000e+00
-8.438976000000000255e+00 -8.606359999999999566e-01 0.000000000000000000e+00
-8.971781000000000006e+00 -3.199732000000000021e+00 0.000000000000000000e+00
-9.021387000000000711e+00 -1.959424000000000055e+00 0.000000000000000000e+00
-8.178459000000000145e+00 -4.245899999999999674e-02 0.000000000000000000e+00
-6.125066999999999595e+00 -6.015475999999999601e+00 0.000000000000000000e+00
-3.969723000000000113e+00 -5.570540000000000269e+00 0.000000000000000000e+00
-2.753174000000000010e+00 -4.317459000000000380e+00 0.000000000000000000e+00
-8.323873000000000744e+00 -5.346353999999999829e+00 0.000000000000000000e+00
-2.293817000000000217e+00 -1.854208999999999996e+00 0.000000000000000000e+00
-9.328784000000000631e+00 -1.147351999999999927e+00 0.000000000000000000e+00
-7.675041000000000224e+00 -5.872499999999999609e+00 0.000000000000000000e+00
-2.163078000000000056e+00 -3.071279999999999788e+00 0.000000000000000000e+00
-9.756411999999999196e+00 -2.350896000000000097e+00 0.000000000000000000e+00
-3.099485000000000046e+00 -5.216647000000000034e+00 0.000000000000000000e+00
-4.638861000000000345e+00 -6.330090000000000217e+00 0.000000000000000000e+00
-9.364886999999999517e+00 -4.578872999999999749e+00 0.000000000000000000e+00
-2.425307000000000102e+00 -6.599639999999999951e-01 0.000000000000000000e+00
-6.891759000000000412e+00 -6.567116000000000398e+00 0.000000000000000000e+00
-1.002348199999999956e+01 -3.141954999999999831e+00 0.000000000000000000e+00
-1.974347999999999992e+00 -3.958200999999999858e+00 0.000000000000000000e+00
-1.571018999999999943e+00 -2.387925000000000075e+00 0.000000000000000000e+00
-6.016117999999999633e+00 -6.946131000000000277e+00 0.000000000000000000e+00
-3.460583999999999882e+00 -6.372809000000000168e+00 0.000000000000000000e+00
-1.035630500000000076e+01 -1.657413000000000025e+00 0.000000000000000000e+00
-1.021261299999999927e+01 -4.069946999999999981e+00 0.000000000000000000e+00
-8.519432999999999367e+00 -6.427603999999999651e+00 0.000000000000000000e+00
-2.324500000000000011e+00 -5.585086999999999691e+00 0.000000000000000000e+00
-1.007707000000000086e+01 -3.936270000000000047e-01 0.000000000000000000e+00
-1.755004999999999926e+00 -4.837538999999999589e+00 0.000000000000000000e+00
-4.361438999999999844e+00 -7.112847999999999615e+00 0.000000000000000000e+00
-1.255241000000000051e+00 -1.079002000000000017e+00 0.000000000000000000e+00
-1.129904999999999937e+00 -3.655552999999999830e+00 0.000000000000000000e+00
-7.181288999999999589e+00 -7.438864999999999839e+00 0.000000000000000000e+00
-9.779372999999999649e+00 -5.831115999999999744e+00 0.000000000000000000e+00
-1.099055300000000024e+01 -2.889124999999999943e+00 0.000000000000000000e+00
-8.068610000000000504e-01 -2.734525999999999790e+00 0.000000000000000000e+00
-5.343202999999999925e+00 -7.717317999999999678e+00 0.000000000000000000e+00
-1.399866000000000055e+00 -3.177300000000000263e-02 0.000000000000000000e+00
-2.583279999999999799e+00 -6.643345000000000056e+00 0.000000000000000000e+00
-8.366027000000000768e+00 -7.291509999999999714e+00 0.000000000000000000e+00
-1.122410400000000053e+01 -1.924118999999999913e+00 0.000000000000000000e+00
