-5.644201999999999941e+00 0.000000000000000000e+00 -1.362900000000000049e-02
-6.449930000000000163e+00 0.000000000000000000e+00 -8.432749999999999968e-01
-5.117192000000000185e+00 0.000000000000000000e+00 -6.726149999999999629e-01
-6.309489000000000125e+00 0.000000000000000000e+00 -1.752823999999999938e+00
-5.515492000000000061e+00 0.000000000000000000e+00 -2.020805000000000184e+00
-4.343518999999999686e+00 0.000000000000000000e+00 -1.375261000000000067e+00
-7.779162999999999606e+00 0.000000000000000000e+00 -1.045422000000000073e+00
-7.237738000000000227e+00 0.000000000000000000e+00 -1.832435999999999954e+00
-3.678134000000000015e+00 0.000000000000000000e+00 -7.095740000000000380e-01
-4.432379000000000069e+00 0.000000000000000000e+00 -2.224075000000000024e+00
-6.617353999999999736e+00 0.000000000000000000e+00 -2.719141000000000030e+00
-3.017364000000000157e+00 0.000000000000000000e+00 -2.080609999999999959e-01
-5.372564999999999813e+00 0.000000000000000000e+00 -2.919963999999999782e+00
-8.245392000000000721e+00 0.000000000000000000e+00 -2.023549000000000042e+00
-3.519298000000000037e+00 0.000000000000000000e+00 -1.998207000000000066e+00
-3.044464000000000059e+00 0.000000000000000000e+00 -1.274671000000000110e+00
-9.115484999999999616e+00 0.000000000000000000e+00 -1.141749999999999987e-01
-8.941226999999999592e+00 0.000000000000000000e+00 -1.190158000000000049e+00
-7.759281999999999790e+00 0.000000000000000000e+00 -2.899753000000000025e+00
-6.189396000000000342e+00 0.000000000000000000e+00 -3.430670000000000108e+00
-4.038480999999999987e+00 0.000000000000000000e+00 -2.956313999999999886e+00
-2.611718000000000206e+00 0.000000000000000000e+00 -2.041716000000000086e+00
-4.778639000000000081e+00 0.000000000000000000e+00 -3.684117000000000086e+00
-1.924218999999999902e+00 0.000000000000000000e+00 -6.832599999999999785e-01
-9.229589000000000709e+00 0.000000000000000000e+00 -2.350675999999999988e+00
-7.158017000000000074e+00 0.000000000000000000e+00 -4.051381000000000121e+00
-3.222818000000000183e+00 0.000000000000000000e+00 -3.304737999999999953e+00
-5.433529000000000053e+00 0.000000000000000000e+00 -4.243218999999999852e+00
-3.874725000000000197e+00 0.000000000000000000e+00 -3.852046000000000081e+00
-1.005138999999999960e+01 0.000000000000000000e+00 -1.798075000000000090e+00
-8.955973999999999435e+00 0.000000000000000000e+00 -3.321178999999999881e+00
-6.278102999999999767e+00 0.000000000000000000e+00 -4.503036999999999956e+00
-1.037249500000000069e+01 0.000000000000000000e+00 -1.016615999999999964e+00
